Whether the departure from a Gaussian in a run's own time series shrinks as
the sample grows.

1000 configurations, 1000000 replicates, the first n of each run's 400 quarters.
Nothing is pooled across replicates: every sample is one run's own history.
Null distributions simulated from 100000 Gaussian samples at each n, seed 20260923,
0.1 minutes. Sweep 3.5 minutes on 16 threads.

'null' is what that statistic averages to on Gaussian samples of the same n.
The 0.05 and 0.01 columns read against 0.05 and 0.01.

  series                     n     tests   skewness  exc kurt      null     AD    null   AD<.05  AD<.01   JB<.05  JB<.01
  GDP growth             100   1000000     0.0187    0.6503   -0.0574   0.50    0.38   0.1496  0.0713   0.2574  0.1573
                         150   1000000     0.0150    0.8144   -0.0384   0.55    0.38   0.1874  0.0961   0.3334  0.2221
                         200   1000000     0.0124    0.9208   -0.0307   0.61    0.38   0.2250  0.1217   0.3963  0.2823
                         250   1000000     0.0108    0.9975   -0.0221   0.66    0.38   0.2571  0.1479   0.4487  0.3352
                         300   1000000     0.0092    1.0584   -0.0197   0.71    0.38   0.2910  0.1708   0.4952  0.3822
                         350   1000000     0.0079    1.1086   -0.0170   0.77    0.38   0.3190  0.1966   0.5348  0.4225
                         400   1000000     0.0069    1.1509   -0.0138   0.82    0.38   0.3465  0.2212   0.5702  0.4630
  energy growth          100   1000000    -0.0076    0.6942   -0.0574   0.51    0.38   0.1548  0.0765   0.2653  0.1660
                         150   1000000    -0.0109    0.8644   -0.0384   0.57    0.38   0.1934  0.1022   0.3420  0.2318
                         200   1000000    -0.0126    0.9732   -0.0307   0.62    0.38   0.2325  0.1291   0.4049  0.2926
                         250   1000000    -0.0131    1.0502   -0.0221   0.68    0.38   0.2642  0.1559   0.4564  0.3454
                         300   1000000    -0.0135    1.1098   -0.0197   0.73    0.38   0.2979  0.1789   0.5026  0.3913
                         350   1000000    -0.0136    1.1579   -0.0170   0.79    0.38   0.3258  0.2045   0.5414  0.4312
                         400   1000000    -0.0134    1.1977   -0.0138   0.85    0.38   0.3532  0.2290   0.5770  0.4703
  employment change      100   1000000    -0.0013    0.6664   -0.0574   0.50    0.38   0.1531  0.0737   0.2643  0.1630
                         150   1000000    -0.0046    0.8291   -0.0384   0.56    0.38   0.1921  0.0998   0.3415  0.2295
                         200   1000000    -0.0068    0.9316   -0.0307   0.62    0.38   0.2307  0.1265   0.4045  0.2905
                         250   1000000    -0.0079    1.0038   -0.0221   0.67    0.38   0.2626  0.1531   0.4561  0.3432
                         300   1000000    -0.0091    1.0603   -0.0197   0.72    0.38   0.2958  0.1761   0.5018  0.3896
                         350   1000000    -0.0100    1.1058   -0.0170   0.78    0.38   0.3229  0.2015   0.5407  0.4293
                         400   1000000    -0.0107    1.1434   -0.0138   0.84    0.38   0.3500  0.2255   0.5754  0.4687
  inflation              100   1000000    -0.0936    0.7194   -0.0574   0.51    0.38   0.1596  0.0770   0.2781  0.1770
                         150   1000000    -0.1048    0.8845   -0.0384   0.57    0.38   0.2003  0.1043   0.3589  0.2475
                         200   1000000    -0.1113    0.9852   -0.0307   0.62    0.38   0.2400  0.1325   0.4235  0.3115
                         250   1000000    -0.1156    1.0545   -0.0221   0.68    0.38   0.2732  0.1602   0.4758  0.3662
                         300   1000000    -0.1191    1.1079   -0.0197   0.73    0.38   0.3071  0.1844   0.5226  0.4142
                         350   1000000    -0.1218    1.1497   -0.0170   0.79    0.38   0.3345  0.2103   0.5618  0.4547
                         400   1000000    -0.1241    1.1844   -0.0138   0.84    0.38   0.3622  0.2353   0.5968  0.4943
  interest rate          100   1000000     0.0385   -0.2024   -0.0574   0.81    0.38   0.4175  0.2517   0.2134  0.0574
                         150   1000000     0.0464   -0.0914   -0.0384   0.84    0.38   0.4319  0.2612   0.2680  0.0832
                         200   1000000     0.0516   -0.0238   -0.0307   0.86    0.38   0.4473  0.2716   0.3050  0.1110
                         250   1000000     0.0553    0.0228   -0.0221   0.88    0.38   0.4543  0.2810   0.3303  0.1357
                         300   1000000     0.0582    0.0577   -0.0197   0.89    0.38   0.4644  0.2848   0.3541  0.1583
                         350   1000000     0.0608    0.0850   -0.0170   0.91    0.38   0.4697  0.2940   0.3717  0.1775
                         400   1000000     0.0631    0.1066   -0.0138   0.92    0.38   0.4765  0.3016   0.3891  0.1989
  interest rate change   100   1000000     0.0062    0.0411   -0.0574   0.49    0.38   0.1501  0.0594   0.1346  0.0511
                         150   1000000     0.0062    0.1392   -0.0384   0.51    0.38   0.1638  0.0659   0.1768  0.0755
                         200   1000000     0.0062    0.1962   -0.0307   0.52    0.38   0.1793  0.0736   0.2123  0.1008
                         250   1000000     0.0059    0.2349   -0.0221   0.54    0.38   0.1901  0.0820   0.2421  0.1248
                         300   1000000     0.0057    0.2633   -0.0197   0.55    0.38   0.2035  0.0875   0.2704  0.1466
                         350   1000000     0.0056    0.2852   -0.0170   0.56    0.38   0.2128  0.0955   0.2947  0.1661
