t-QVARMA(2,1,1)
K 3, K_star 1, R 1, warmup per component, Phi_star bound 1.0000
iterations 571, converged yes, gradient_norm 0.0215922
log_likelihood -1832.896724, per_period -3.054828, parameters 24
aic 6.189656, bic 6.365533, hannan_quinn 6.258121
C_1 0.858453

standard errors
curvature: smallest 1.17475, condition 546444

parameter                  estimate             se       se_theta
c[0]                       1.342035       0.025202       0.025202
c[1]                       1.228311       0.270238       0.270238
c[2]                       0.273593       0.344841       0.344841
Phi_star[0]                0.482066       0.136110       0.177317
Phi_star[1]                0.323111       0.135268       0.151037
Psi_star1[0,0]            -0.023328       0.039864       0.039864
Psi_star1[0,1]             0.033820       0.046450       0.046450
Psi_star1[0,2]             0.118902       0.046993       0.046993
Psi_star1[1,0]            -0.079581       0.053632       0.053632
Psi_star1[1,1]             0.174182       0.077132       0.077132
Psi_star1[1,2]             0.146801       0.064256       0.064256
Psi_star1[2,0]            -0.125243       0.051691       0.051691
Psi_star1[2,1]            -0.103138       0.081257       0.081257
Psi_star1[2,2]            -0.006383       0.071351       0.071351
Omega_inv[0,0]             0.625459       0.022168       0.035443
Omega_inv[1,1]             0.588771       0.021234       0.036065
Omega_inv[2,2]             0.617235       0.022198       0.035964
Omega_inv[1,0]             0.116639       0.026488       0.026488
Omega_inv[2,0]             0.072100       0.027299       0.027299
Omega_inv[2,1]             0.037911       0.027161       0.027161
nu                        10.520784       2.143121       0.251517
alpha1[0,0]                0.096615       0.044664       0.044664
alpha1[1,0]                0.136855       0.060690       0.060690
beta1[0,1]                 1.783120       0.913090       0.913090

c
1.342035
1.228311
0.273593

Phi_star
0.482066
0.323111

nu
10.520784

Psi_star lag 1
-0.023328 0.033820 0.118902
-0.079581 0.174182 0.146801
-0.125243 -0.103138 -0.006383

Psi_dag lag 1
0.000000 0.000000 0.000000
0.000000 0.096615 0.172276
0.000000 0.136855 0.244030

Omega_inv lower triangle
0.625459
0.116639 0.588771
0.072100 0.037911 0.617235
