t-QVARMA(2,1,1)
K 3, K_star 1, R 1, warmup per component, Phi_star bound 1.0000
iterations 458, converged yes, gradient_norm 0.00410913
log_likelihood -779.665842, per_period -2.953280, parameters 24
aic 6.088378, bic 6.413464, hannan_quinn 6.219007
C_1 0.819786

standard errors
curvature: smallest 0.404166, condition 54474.5

parameter                  estimate             se       se_theta
c[0]                       1.909458       0.527949       0.527949
c[1]                       0.774544       0.114841       0.114841
c[2]                       1.021601       0.306970       0.306970
Phi_star[0]                0.886148       0.032070       0.149343
Phi_star[1]               -0.054402       0.029294       0.029381
Psi_star1[0,0]             1.260595       0.077360       0.077360
Psi_star1[0,1]            -0.212626       0.248746       0.248746
Psi_star1[0,2]             0.242770       0.118386       0.118386
Psi_star1[1,0]             0.017935       0.017546       0.017546
Psi_star1[1,1]            -1.184455       0.663787       0.663787
Psi_star1[1,2]            -0.746594       0.274608       0.274608
Psi_star1[2,0]            -0.019274       0.039946       0.039946
Psi_star1[2,1]            -3.913085       0.884071       0.884071
Psi_star1[2,2]             0.328760       0.493714       0.493714
Omega_inv[0,0]             1.164533       0.053601       0.046028
Omega_inv[1,1]             0.308343       0.013905       0.045097
Omega_inv[2,2]             0.733311       0.033579       0.045791
Omega_inv[1,0]             0.010008       0.020022       0.020022
Omega_inv[2,0]             0.211193       0.049123       0.049123
Omega_inv[2,1]             0.135551       0.047167       0.047167
nu                        96.935293      24.971087       0.263033
alpha1[0,0]                2.732318       0.696413       0.696413
alpha1[1,0]                4.226322       0.948739       0.948739
beta1[0,1]                 0.323595       0.138101       0.138101

c
1.909458
0.774544
1.021601

Phi_star
0.886148
-0.054402

nu
96.935293

Psi_star lag 1
1.260595 -0.212626 0.242770
0.017935 -1.184455 -0.746594
-0.019274 -3.913085 0.328760

Psi_dag lag 1
0.000000 0.000000 0.000000
0.000000 2.732318 0.884163
0.000000 4.226322 1.367615

Omega_inv lower triangle
1.164533
0.010008 0.308343
0.211193 0.135551 0.733311
