t-QVARMA(1,1,2)
K 5, K_star 3, R 1, warmup per component, Phi_star bound 1.0000
mu_star restricted to the 3 stationary series
iterations 1023, converged yes, gradient_norm 0.00471282
log_likelihood -882.142403, per_period -4.717339, parameters 42
aic 9.883876, bic 10.609580, hannan_quinn 10.177931
C_1 0.595420

standard errors
curvature: smallest 0.116583, condition 1.92066e+06

parameter                  estimate             se       se_theta
c[0]                       0.668002       0.064789       0.064789
c[1]                       0.284121       0.068211       0.068211
c[2]                       0.030952       0.034197       0.034197
c[3]                       1.568731       0.091652       0.091652
c[4]                      10.400452       0.468429       0.468429
Phi_star[0]                0.595420       0.064929       0.100591
Psi_star1[0,0]             0.278465       0.142415       0.142415
Psi_star1[0,1]             0.049862       0.045032       0.045032
Psi_star1[0,2]             0.201352       0.430879       0.430879
Psi_star1[0,3]            -0.322624       0.147208       0.147208
Psi_star1[0,4]             0.247304       0.147072       0.147072
Psi_star1[1,0]             0.414456       0.288141       0.288141
Psi_star1[1,1]            -0.471916       0.097697       0.097697
Psi_star1[1,2]             1.197595       0.716268       0.716268
Psi_star1[1,3]            -0.282159       0.187177       0.187177
Psi_star1[1,4]             0.093907       0.310937       0.310937
Psi_star1[2,0]             0.159976       0.058980       0.058980
Psi_star1[2,1]             0.014561       0.017868       0.017868
Psi_star1[2,2]             0.648331       0.163115       0.163115
Psi_star1[2,3]            -0.048550       0.074101       0.074101
Psi_star1[2,4]             0.190185       0.058933       0.058933
Omega_inv[0,0]             0.551454       0.032805       0.059488
Omega_inv[1,1]             1.501936       0.089423       0.059538
Omega_inv[2,2]             0.173064       0.010652       0.061549
Omega_inv[3,3]             0.460562       0.029032       0.063037
Omega_inv[4,4]             0.736945       0.053275       0.072292
Omega_inv[1,0]             0.075287       0.122042       0.122042
Omega_inv[2,0]             0.102329       0.014829       0.014829
Omega_inv[2,1]             0.008045       0.013819       0.013819
Omega_inv[3,0]            -0.006479       0.042411       0.042411
Omega_inv[3,1]             0.002640       0.042609       0.042609
Omega_inv[3,2]            -0.025803       0.043508       0.043508
Omega_inv[4,0]             0.206548       0.065701       0.065701
Omega_inv[4,1]             0.060530       0.060232       0.060232
Omega_inv[4,2]             0.185196       0.059231       0.059231
Omega_inv[4,3]             0.016512       0.066466       0.066466
nu                         7.198921       1.346015       0.258903
alpha1[0,0]                0.079261       0.053830       0.053830
alpha1[1,0]                0.506144       0.274973       0.274973
alpha2[0,0]               -0.009453       0.027383       0.027383
alpha2[1,0]                0.091857       0.066407       0.066407
beta1[0,1]                 4.803692       2.912231       2.912231

c
0.668002
0.284121
0.030952
1.568731
10.400452

Phi_star
0.595420

nu
7.198921

Psi_star lag 1
0.278465 0.049862 0.201352 -0.322624 0.247304
0.414456 -0.471916 1.197595 -0.282159 0.093907
0.159976 0.014561 0.648331 -0.048550 0.190185
0.000000 0.000000 0.000000 0.000000 0.000000
0.000000 0.000000 0.000000 0.000000 0.000000

Psi_dag lag 1
0.000000 0.000000 0.000000 0.000000 0.000000
0.000000 0.000000 0.000000 0.000000 0.000000
0.000000 0.000000 0.000000 0.000000 0.000000
0.000000 0.000000 0.000000 0.079261 0.380747
0.000000 0.000000 0.000000 0.506144 2.431358

Psi_dag lag 2
0.000000 0.000000 0.000000 0.000000 0.000000
0.000000 0.000000 0.000000 0.000000 0.000000
0.000000 0.000000 0.000000 0.000000 0.000000
0.000000 0.000000 0.000000 -0.009453 -0.045409
0.000000 0.000000 0.000000 0.091857 0.441250

Omega_inv lower triangle
0.551454
0.075287 1.501936
0.102329 0.008045 0.173064
-0.006479 0.002640 -0.025803 0.460562
0.206548 0.060530 0.185196 0.016512 0.736945
