t-QVARMA(1,1,4)
K 5, K_star 3, R 1, warmup per component, Phi_star bound 1.0000
mu_star restricted to the 3 stationary series
iterations 6956, converged yes, gradient_norm 0.136125
log_likelihood -866.227696, per_period -4.632234, parameters 46
aic 9.756446, bic 10.551264, hannan_quinn 10.078507
C_1 0.659873

standard errors
curvature: smallest 0.00171527, condition 2.27873e+09

parameter                  estimate             se       se_theta
c[0]                       0.656371       0.070090       0.070090
c[1]                       0.283819       0.072694       0.072694
c[2]                       0.020622       0.037330       0.037330
c[3]                       1.572306       0.132237       0.132237
c[4]                      10.849332       0.426107       0.426107
Phi_star[0]                0.659873       0.068176       0.120757
Psi_star1[0,0]             0.259520       0.144241       0.144241
Psi_star1[0,1]             0.062170       0.043984       0.043984
Psi_star1[0,2]             0.226252       0.382977       0.382977
Psi_star1[0,3]            -0.310700       0.135980       0.135980
Psi_star1[0,4]             0.422105       0.143204       0.143204
Psi_star1[1,0]             0.349532       0.313846       0.313846
Psi_star1[1,1]            -0.378111       0.097324       0.097324
Psi_star1[1,2]             0.754075       0.626951       0.626951
Psi_star1[1,3]            -0.282646       0.165344       0.165344
Psi_star1[1,4]             0.536519       0.351542       0.351542
Psi_star1[2,0]             0.143269       0.060340       0.060340
Psi_star1[2,1]             0.015465       0.017031       0.017031
Psi_star1[2,2]             0.596445       0.160537       0.160537
Psi_star1[2,3]            -0.082281       0.068948       0.068948
Psi_star1[2,4]             0.263012       0.059393       0.059393
Omega_inv[0,0]             0.545121       0.032301       0.059255
Omega_inv[1,1]             1.487633       0.090591       0.060896
Omega_inv[2,2]             0.173124       0.010681       0.061693
Omega_inv[3,3]             0.472760       0.028837       0.060997
Omega_inv[4,4]             0.696374       0.050224       0.072123
Omega_inv[1,0]             0.055701       0.121450       0.121450
Omega_inv[2,0]             0.093310       0.015814       0.015814
Omega_inv[2,1]             0.007952       0.014106       0.014106
Omega_inv[3,0]            -0.002173       0.045430       0.045430
Omega_inv[3,1]            -0.003252       0.044463       0.044463
Omega_inv[3,2]            -0.021236       0.046028       0.046028
Omega_inv[4,0]             0.206436       0.058765       0.058765
Omega_inv[4,1]            -0.004899       0.060125       0.060125
Omega_inv[4,2]             0.112173       0.057550       0.057550
Omega_inv[4,3]            -0.016114       0.060990       0.060990
nu                         7.619096       1.252227       0.222852
alpha1[0,0]                0.013267       0.020002       0.020002
alpha1[1,0]                0.148168       0.199603       0.199603
alpha2[0,0]                0.016709       0.025386       0.025386
alpha2[1,0]                0.037708       0.049846       0.049846
alpha3[0,0]               -0.011462       0.018039       0.018039
alpha3[1,0]                0.034293       0.046667       0.046667
alpha4[0,0]                0.011622       0.016575       0.016575
alpha4[1,0]                0.038087       0.050312       0.050312
beta1[0,1]                17.321309      24.143944      24.143944

c
0.656371
0.283819
0.020622
1.572306
10.849332

Phi_star
0.659873

nu
7.619096

Psi_star lag 1
0.259520 0.062170 0.226252 -0.310700 0.422105
0.349532 -0.378111 0.754075 -0.282646 0.536519
0.143269 0.015465 0.596445 -0.082281 0.263012
0.000000 0.000000 0.000000 0.000000 0.000000
0.000000 0.000000 0.000000 0.000000 0.000000

Psi_dag lag 1
0.000000 0.000000 0.000000 0.000000 0.000000
0.000000 0.000000 0.000000 0.000000 0.000000
0.000000 0.000000 0.000000 0.000000 0.000000
0.000000 0.000000 0.000000 0.013267 0.229809
0.000000 0.000000 0.000000 0.148168 2.566459

Psi_dag lag 2
0.000000 0.000000 0.000000 0.000000 0.000000
0.000000 0.000000 0.000000 0.000000 0.000000
0.000000 0.000000 0.000000 0.000000 0.000000
0.000000 0.000000 0.000000 0.016709 0.289424
0.000000 0.000000 0.000000 0.037708 0.653156

Psi_dag lag 3
0.000000 0.000000 0.000000 0.000000 0.000000
0.000000 0.000000 0.000000 0.000000 0.000000
0.000000 0.000000 0.000000 0.000000 0.000000
0.000000 0.000000 0.000000 -0.011462 -0.198536
0.000000 0.000000 0.000000 0.034293 0.594006

Psi_dag lag 4
0.000000 0.000000 0.000000 0.000000 0.000000
0.000000 0.000000 0.000000 0.000000 0.000000
0.000000 0.000000 0.000000 0.000000 0.000000
0.000000 0.000000 0.000000 0.011622 0.201307
0.000000 0.000000 0.000000 0.038087 0.659719

Omega_inv lower triangle
0.545121
0.055701 1.487633
0.093310 0.007952 0.173124
-0.002173 -0.003252 -0.021236 0.472760
0.206436 -0.004899 0.112173 -0.016114 0.696374
